
584
584
584
584
584
579
579
579
579
579
579
579
579
579
579
579
579
579
579
579
579
579
579
579
579
579
579
579
579
579
579
579
575
575
575
575
575
575
575
575
575
575
575
575
575
575
575
575
575
575
575
570
570
570
570
570
570
570
570
570
570
570
579
611
1087
1492
1555
1618
1641
1672
1695
1721
1721
1713
1690
1681
1663
1645
1618
1591
1560
1519
1488
1456
1420
1393
1366
1344
1321
1294
1263
1236
1204
1182
1159
1141
1123
1110
1096
1087
1078
1069
1065
1060
1056
1047
1043
1034
1029
1025
1029
1029
1020
1020
1016
1011
1011
1007
1002
993
993
989
989
984
980
984
980
971
966
962
957
957
948
948
948
948
944
935
935
935
930
926
917
912
908
903
903
899
899
894
890
885
876
872
863
858
854
849
849
840
836
836
831
831
831
827
822
822
822
818
813
809
809
804
804
800
795
795
791
791
786
786
782
782
782
782
777
773
773
768
768
768
764
764
764
759
759
759
755
755
750
750
750
746
746
741
741
737
737
737
737
732
732
728
728
728
723
723
723
719
719
719
719
719
714
714
710
710
710
705
705
705
701
701
701
696
696
696
692
692
692
687
687
687
687
687
687
687
687
683
683
683
683
683
683
683
683
683
678
678
678
678
678
674
674
674
674
669
669
669
669
669
669
669
665
665
665
660
660
660
660
660
660
660
660
656
656
656
656
651
651
651
651
651
651
651
651
651
651
647
651
651
647
651
647
647
647
647
647
647
647
642
642
642
642
642
642
642
642
638
638
638
638
638
638
638
638
633
633
633
633
633
633
629
629
629
629
629
629
629
629
629
624
629
624
624
624
624
624
624
624
624
624
624
620
620
620
620
620
620
620
620
620
620
620
620
620
